-5137	01640620	-4748
-5137	01578132	-4067
-5137	00235191	-4067
-5137	00239960	-2279
-5137	00239960	-151
-5137	00239960	-32
-5137	00812388	-1945
-5137	00812388	-4536
-5137	00239960	10962839
-5137	00601722	07258194
-5137	0	07230884
-5137	01474694	09947291
-5137	01343923	03499424
-5137	00430666	02422521
-5137	00449252	10081021
-5137	01340005	03499424
-5137	00369654	-4430
-5137	01775973	-4430
-5137	00401762	-4430
-5137	01760253	-4430
-5137	00430666	-4481
-5137	00337013	05976600
-5137	00683308	05167497
-5137	00239960	00585093
-5137	01621026	-832
-5137	00239960	03431817
-5134	0	02886812
-5134	01278717	02886812
-5133	00602606	05074858
-5133	01668808	-4266
-5133	01775973	05167497
-5132	01637882	-2321
-5131	01474694	-3641
-5131	01775973	04549310
-5131	00466852	04549310
-5128	01578132	07258194
-5128	01583087	-3074
-5128	01637882	-2321
-5126	01775973	04790774
-5126	01589013	04790774
-5126	01130277	05997592
-5126	01775973	05997592
-5126	01811792	05072928
-5126	01648347	05072928
-5126	01811792	04916758
-5126	01812809	04916758
-5126	01775973	03991218
-5126	01775973	00020056
-5126	01857455	00020056
-5126	01619317	00020056
-5126	01590833	-2290
-5126	00649804	00020056
-5126	01775973	-1619
-5126	00249716	09423815
-5124	00369654	04968965
-5124	01775973	-1692
-5124	00692561	-1692
-5118	01775973	10917509
-5118	00696267	-4681
-5117	01622769	04782793
-5112	00883027	05449233
-5111	01775163	-2569
-5111	00788109	04761096
-5110	01603985	04778525
-5110	00483900	04778525
-5109	00235191	-3462
-5108	00239960	00054499
-5108	00337013	00585093
-5095	01775973	07354565
-5095	00659537	07354565
-5093	01368651	-3929
-5091	00594989	03499424
-5090	01775973	07239856
-5090	00659537	07239856
-5090	01775973	-4109
-5090	00750517	-4109
-5090	00659537	07135420
-5089	01811792	05276214
-5089	01242774	05276214
-5083	0	-4928
-5083	00602606	05074858
-5079	01775973	00205135
-5079	00077276	-3851
-5079	01775973	-3160
-5079	00683308	-3160
-5079	00418578	-3964
-5075	00430666	-2538
-5073	01775973	05449233
-5073	01114042	05449233
-5072	01348051	-5075
-5072	00250254	00610417
-5069	0	-4646
-5067	01600942	06287351
-5067	00239960	00633825
-5066	01119504	05352409
-5066	00529549	-5111
-5063	01775973	-1692
-5063	00692561	-1692
-5062	01640620	04483764
-5058	01775973	07396119
-5058	01799646	00246210
-5051	01508080	05368498
-5048	01643531	10850147
-5048	00401762	07689380
-5048	01775973	07689380
-5047	0	07689380
-5045	01829600	09926856
-5037	0	01535151
-5034	00250254	-5118
-5034	00634023	-5118
-5034	01691743	-5118
-5028	0	-5028
-5028	01662020	07287417
-5024	00755606	-4917
-5023	01775973	-4739
-5023	01520955	-4739
-5018	00944672	-5102
-5015	01775973	07451379
-5015	00682542	07451379
-5015	01508689	07451379
-5013	00466852	05432762
-5013	00510998	-3604
-5012	00077276	07621226
-5012	01779664	06303974
-5012	0	06708950
-5012	00750517	09920569
-5012	01510674	-5082
-5009	01008825	07354565
-4995	00235191	-4596
-4995	00235191	-4486
-4992	01775973	05956378
-4992	00400501	05956378
-4992	01583295	06368526
-4988	01638892	-4950
-4988	01775973	-2250
-4988	01628668	-2250
-4988	01164896	04829374
-4988	01775973	-4852
-4988	01628668	-4852
-4988	00985935	-4466
-4988	00812388	-3743
-4988	00249716	06368526
-4986	0	09822324
-4986	01775973	07061896
-4983	01775973	10843624
-4983	00732096	-4791
-4983	01775973	06155266
-4983	01681144	06155266
-4980	00249716	10964831
-4979	00239960	00585093
-4976	01691743	06949059
-4976	01775973	06287351
-4976	00759367	06744503
-4976	01324522	06789983
-4976	01358938	-5075
-4976	01368651	-2829
-4975	0	-4415
-4975	01775973	-4415
-4975	01742587	-4415
-4975	0	-281
-4975	0	-238
-4970	00235191	-4585
-4969	01775973	06045616
-4966	01775163	00237382
-4966	00662608	-2569
-4962	00946301	-1161
-4961	01474694	06768034
-4960	01775973	05167497
-4953	00460650	-2300
-4952	01775973	-4602
-4952	00430666	-4602
-4950	01775973	07354565
-4950	01635578	07354565
-4950	00812388	-3545
-4946	01261992	03010416
-4935	00401762	-5132
-4935	00696267	-1700
-4935	01508689	04027354
-4935	01800838	00098007
-4935	01235107	00098007
-4930	01692292	04930129
-4930	00116292	04930129
-4930	00642112	00607299
-4930	01811792	03159967
-4930	01085355	03159967
-4930	01173875	06239374
-4928	01868387	07315043
-4928	01111638	00719653
-4921	00430666	07354565
-4920	01775973	06381267
-4920	01080919	06381267
-4919	01775973	07354565
-4919	00659537	07354565
-4917	00235191	-4022
-4917	00760028	-1330
-4917	00235191	-4919
-4914	01622769	03499424
-4913	01809405	-262
-4911	01587826	-2942
-4911	01106388	-2942
-4911	00750517	-4760
-4911	00250254	-3091
-4908	01681144	07592357
-4904	00235191	07127521
-4902	01691743	-2924
-4898	00235191	07025870
-4897	00465761	07258194
-4896	01775973	-4962
-4896	00377885	-4834
-4889	01622769	03499424
-4879	0	-2068
-4870	00401762	-3768
-4866	01775973	-4854
-4866	01838273	-4854
-4855	01775973	-3424
-4855	00750517	-3424
-4848	00788109	-1789
-4848	01775973	-1789
-4848	00111859	-1789
-4847	00235191	-4718
-4841	01164896	04831824
-4836	01114042	02685797
-4834	01653223	04904589
-4828	00235191	-1967
-4824	00250254	-1530
-4816	01510674	-2896
-4810	01456984	-4680
-4808	0	-2575
-4808	0	-3037
-4804	00430666	-2683
-4801	01775973	07240288
-4801	00692561	07240288
-4799	00594989	-3457
-4789	00235191	-4750
-4780	01775163	10843624
-4780	00397666	10843624
-4774	01775973	07232818
-4774	00692561	07232818
-4774	00369654	07232818
-4774	01538351	06000383
-4768	00759367	-3850
-4760	01141322	06287351
-4760	01114042	03431121
-4760	01141322	-4409
-4760	00250254	10257548
-4759	01838273	-4815
-4755	01628838	-439
-4754	01583295	03828648
-4750	00235191	-3190
-4742	01456984	09403023
-4739	00077276	07053509
-4738	01775973	04758399
-4737	00642112	03281918
-4731	00235191	-4789
-4731	01583295	-3457
-4728	01811792	06299747
-4728	00239960	06299747
-4728	01816363	06299747
-4718	01775973	07258194
-4718	01635578	07258194
-4704	01025850	10966461
-4694	01114042	04041746
-4694	01510674	-4436
-4682	01368651	06708950
-4680	01775973	-3077
-4680	01689594	05990251
-4680	01119504	04930290
-4680	0	02913016
-4680	01857455	02913016
-4680	01775973	02913016
-4680	00696267	02913016
-4680	01857455	04930290
-4680	01692292	04930290
-4680	00328216	04778525
-4680	01126603	00289269
-4680	01173875	00289269
-4680	01811792	00061322
-4680	01853220	00061322
-4680	01775973	-150
-4680	01775973	05376578
-4680	00788109	05376578
-4680	01132776	05362628
-4680	01811792	04114572
-4680	00781920	00607299
-4680	01692292	00607299
-4680	00696267	-1147
-4680	00111031	00409314
-4679	01811792	-4053
-4673	0	-1871
-4673	0	-864
-4671	01582491	-1940
-4671	01513366	04782793
-4656	01775973	04114572
-4652	00750517	-1441
-4651	00063646	05362628
-4651	01568959	05362628
-4650	01343923	03499424
-4629	01775973	07200414
-4629	00400501	07200414
-4622	01474694	06268839
-4622	00307731	06268839
-4619	01131591	10876395
-4614	00250254	-2744
-4606	01811792	-4680
-4606	00898737	05616177
-4606	01508080	05616177
-4606	01649126	-4453
-4606	01508689	-4453
-4603	01354457	06279444
-4602	01137221	-5073
-4602	01215448	07442529
-4602	01775973	05167497
-4599	01857455	00508925
-4599	00115662	00508925
-4596	00235191	-507
-4595	00077276	07354565
-4595	00482838	07592357
-4591	00235191	-4431
-4590	00249716	-4347
-4585	00235191	-4731
-4581	0	-1537
-4565	00235191	-3980
-4563	00235191	-3264
-4559	01775973	-2098
-4559	00697695	-2098
-4556	01775973	05048562
-4548	01775973	-2620
-4548	00659537	-2620
-4545	00249716	-4545
-4545	00645379	05573093
-4535	01775973	-4976
-4535	00759367	-4976
-4527	00239960	06001982
-4513	01775973	00017954
-4510	00944672	06307482
-4497	00759367	06287351
-4486	00235191	-4828
-4483	00235191	-1524
-4481	01675658	07280020
-4470	0	-1391
-4470	0	08655393
-4465	01775973	-1717
-4465	0	-1717
-4456	01775973	07258194
-4456	01635578	07258194
-4455	0	07232818
-4455	01583087	04968965
-4455	01722366	05414577
-4455	00659537	-2797
-4455	01583087	03796381
-4455	01583295	03828648
-4453	01608899	04659700
-4442	00652168	-5039
-4438	01348051	-4183
-4434	00662608	06232231
-4434	0	06232231
-4433	00235191	07258194
-4432	0	-4379
-4431	00235191	-2914
-4429	01775973	07232818
-4429	00692561	07232818
-4428	01775973	-246
-4421	01585711	09560583
-4420	00750517	05218185
-4415	00634023	06744503
-4414	01358938	-5075
-4414	00755606	05956378
-4409	01368651	-3457
-4406	01775973	04114572
-4401	00239960	00626011
-4392	01077449	-3883
-4392	00235191	07592357
-4388	01602202	10891500
-4380	0	-4365
-4372	01775973	07354565
-4372	00659537	07354565
-4356	00235191	-3581
-4354	01367732	06303494
-4353	01775973	-3915
-4353	01188481	-3915
-4351	00518436	10065207
-4334	01857455	03459836
-4334	01775973	03459836
-4334	00788109	03459836
-4332	00750517	-5090
-4332	01699803	-533
-4327	00662608	05321825
-4327	01111638	05321825
-4322	00750517	09920569
-4320	01775973	07232818
-4320	00692561	07232818
-4316	01681144	00017954
-4316	01788486	00017954
-4316	0	04771731
-4316	00788109	04771731
-4306	01510674	-1911
-4293	01775973	06024357
-4293	00077276	06024357
-4286	01159299	07610081
-4284	00235191	-3371
-4280	0	04731849
-4272	0	-3440
-4266	01111638	06309044
-4266	00460650	-4668
-4262	00920424	-2600
-4261	01136484	-4880
-4260	00463353	-5108
-4260	00517734	-5108
-4258	01508689	-4960
-4258	01847498	05115901
-4258	01609431	05115901
-4256	01775973	-4025
-4256	00659537	-4025
-4256	01538351	03499424
-4254	01857455	00508925
-4254	00642112	00508925
-4253	0	05167497
-4253	01775973	05167497
-4245	01583087	05438613
-4242	01775973	07061094
-4237	01449939	05213933
-4232	01368651	-4935
-4214	00111859	-81
-4196	01376117	-1104
-4186	00692561	04778525
-4184	01692292	-3962
-4184	01692292	-5118
-4184	01691743	-4112
-4183	01775973	-5067
-4183	01600942	-5067
-4183	01775973	-3415
-4183	00430666	-3415
-4183	00239960	10918678
-4179	00077276	07354565
-4175	00744139	00633825
-4175	01675658	-3964
-4174	00235191	-3317
-4162	00440138	-4399
-4153	01775973	10035141
-4153	00430666	-3261
-4147	01135997	03080223
-4147	01136484	03080223
-4142	01722366	10873520
-4138	01775973	07240288
-4138	01838273	07240288
-4138	01775973	-4027
-4138	01838273	-4027
-4137	00337013	04883282
-4136	01600942	-5009
-4134	0	-1780
-4134	00249716	-1780
-4125	01775973	-4976
-4125	00759367	-4976
-4100	01600942	07343952
-4099	01796995	05213933
-4067	00235191	-2890
-4060	01775973	07539656
-4060	00659537	07539656
-4057	00235191	-4898
-4055	01173875	00358063
-4049	01775163	03229963
-4049	00556026	03229963
-4040	01134102	00198579
-4040	01435798	08916881
-4040	01775973	05167497
-4040	01775163	04043948
-4040	01508689	04043948
-4021	00879857	-3962
-4018	00400501	-3558
-4009	0	-3500
-3998	01775163	03938674
-3998	01779664	03938674
-3998	01112995	03938674
-3994	00909621	05165229
-3993	00755606	-587
-3985	00239960	04485976
-3985	01188481	04485976
-3985	01842330	-2618
-3985	01775163	00508925
-3985	01643531	00508925
-3985	01775973	06268839
-3985	01811792	05616177
-3985	01825948	05616177
-3980	00235191	-2003
-3967	00250254	-2329
-3965	0	-875
-3964	00647376	00205135
-3964	01775973	00205135
-3955	01707058	05975241
-3952	00235191	-3425
-3948	01811792	06268839
-3948	00449544	06268839
-3948	01775163	06268839
-3920	00594989	03499424
-3914	00235191	-3968
-3913	0	05063005
-3913	01508689	10358851
-3908	01775973	-2684
-3908	01691743	-2684
-3908	00235191	-2684
-3902	01775973	07240288
-3902	00659537	07240288
-3901	00645379	00760227
-3883	01136484	-2403
-3882	00235191	-36
-3878	00235191	07258194
-3876	01838273	07354565
-3873	01669634	00622063
-3856	01221002	00144739
-3838	01769619	-1716
-3835	0	-56
-3833	01775973	07114010
-3833	00692561	07114010
-3831	00595179	07036038
-3825	00682542	-2398
-3824	00594989	03499424
-3824	01510674	07030830
-3823	00594989	03499424
-3822	01638892	-1917
-3820	01474694	06741251
-3789	01775973	07232818
-3789	00692561	07232818
-3777	01681144	00017954
-3777	01788486	00017954
-3777	0	04771731
-3773	01775163	04540345
-3773	01775973	04540345
-3773	0	04540345
-3768	01164896	-468
-3767	00369654	-581
-3766	00432790	-4986
-3764	01706473	-4040
-3764	01765858	08916881
-3752	00594839	07240288
-3749	01775973	-4860
-3749	01635578	-4860
-3747	01775973	07354565
-3747	00659537	07354565
-3745	00788109	03074890
-3745	01136484	03074890
-3745	00325575	03296615
-3732	01368651	05072418
-3724	01872318	07258194
-3722	01779664	05368498
-3720	00750517	-1190
-3712	01775973	-3310
-3712	01838273	-3310
-3698	01857455	03731027
-3698	00483900	03731027
-3694	0	04876596
-3677	01358938	-4524
-3664	00235191	-4356
-3663	00699711	04114572
-3659	01775973	05322010
-3657	00235191	-2368
-3643	01368651	07354565
-3643	01775973	07354565
-3635	00235191	07154377
-3617	01775973	06275359
-3609	00235191	-3428
-3606	01811792	05362628
-3606	00063646	05362628
-3606	01775973	06006256
-3606	01775973	-460
-3604	00077276	-1111
-3603	01775973	07354565
-3603	00659537	07354565
-3598	01788486	-3367
-3588	00077276	06024357
-3581	00235191	-2891
-3579	00235191	-2239
-3576	00249716	00508925
-3558	00484458	06114774
-3558	01809405	-3367
-3558	0	-370
-3558	00692561	07154377
-3556	00235191	-4565
-3550	01741671	03726488
-3528	00063646	06279444
-3522	00430666	-3292
-3518	01758181	10873520
-3503	01775973	05167497
-3493	00077276	07082144
-3492	01154430	-1598
-3486	00239960	-3252
-3484	01857455	07623193
-3481	01775973	00508925
-3476	01775973	-4671
-3476	01526289	-4671
-3470	00638109	-5097
-3466	00239960	06001982
-3462	00235191	-3579
-3457	01809405	03499424
-3457	00239960	07551404
-3440	01211759	10061309
-3436	00235191	-3556
-3432	00601722	07240288
-3428	00235191	-1044
-3424	01775973	-4983
-3399	00788109	04750884
-3394	01775973	-5026
-3394	00692561	-5026
-3380	01775973	07258194
-3380	01635578	07258194
-3367	0	-900
-3366	00325575	06307482
-3362	01775973	05997592
-3362	01787769	00508925
-3362	00601722	09708563
-3356	00235191	-1867
-3343	01112995	06024128
-3337	00239960	05976600
-3324	0	07135420
-3317	00692561	07258194
-3312	00514894	03499424
-3308	01775973	05277178
-3308	01164896	05277178
-3304	01280404	05211602
-3297	01026409	10966461
-3296	0	-3588
-3290	01775973	06283013
-3280	01191194	02314279
-3280	00682542	02314279
-3280	00696267	-3033
-3276	01775163	00508925
-3276	01737017	00508925
-3276	01775163	05997592
-3276	01829006	05997592
-3264	00235191	-4970
-3260	01036035	00617685
-3258	00541774	06239374
-3243	01775973	00508925
-3241	01775973	05459242
-3215	0	05211602
-3214	01775973	07135420
-3214	01077449	07135420
-3190	00235191	-2385
-3180	01775973	-5112
-3180	01838273	-5112
-3175	01164896	06998898
-3154	01368651	-1280
-3154	01775973	-1280
-3145	01578132	06300934
-3143	0	-5118
-3131	00235191	05449233
-3114	0	-302
-3107	01703298	-4321
-3091	00235191	03499424
-3077	01775973	-1270
-3077	01775973	-2550
-3063	01775973	-451
-3063	01838273	-451
-3062	00235191	-895
-3057	00235191	-3002
-3056	00250254	07354565
-3039	00239960	10962839
-3033	01173875	00607299
-3033	01775973	03094749
-3033	00117078	03094749
-3031	00077276	06283013
-3023	00235191	-3705
-3022	01816635	06659860
-3018	00293860	-3723
-3016	00235191	-3664
-3014	00656960	05275813
-3014	01602202	05275813
-3010	0	07135420
-3002	00235191	-4039
-2997	01775973	07354565
-2997	00659537	07354565
-2982	00788109	09649598
-2982	01722366	09649598
-2979	00662608	-4245
-2976	01653223	-4204
-2944	01775973	-255
-2944	01763790	-255
-2936	01583087	04762523
-2933	00111859	-4774
-2931	01775973	00585093
-2931	00239960	00585093
-2925	01775163	04409604
-2916	01775973	05352409
-2905	0	10883946
-2896	00430666	09422534
-2891	00235191	-2414
-2884	01811792	05352409
-2884	00466852	05352409
-2882	0	-1824
-2878	00601722	07258194
-2869	0	00610417
-2869	01135997	10065207
-2868	00377600	-3925
-2868	01823633	-3925
-2865	01775973	07240288
-2865	01635578	07240288
-2854	00423416	05321341
-2854	01164896	05321341
-2822	01340005	03499424
-2818	00235191	07258194
-2818	0	-1720
-2818	01077449	-1720
-2794	01775973	07232818
-2794	00692561	07232818
-2786	00652168	00016185
-2781	0	04540636
-2781	01775163	04540636
-2781	01498703	04540636
-2777	00077276	07135420
-2774	01159299	02551913
-2767	01154430	03010416
-2766	01811792	09945970
-2766	00054373	09945970
-2759	00430666	-1767
-2750	01775973	-322
-2750	01636994	-322
-2750	01130277	-322
-2741	01691743	-1469
-2734	01775973	-5090
-2734	00750517	-5090
-2711	00235191	-4995
-2702	00250254	-5128
-2681	0	05649725
-2678	01649126	07658488
-2678	00447862	07658488
-2676	0	-3140
-2675	00561791	-1601
-2674	01033901	-4597
-2669	01080919	03459836
-2664	01501559	00508925
-2635	01856887	06299747
-2634	01669634	00610417
-2625	00077276	06024357
-2616	01474694	03438292
-2616	0	03438292
-2616	00156574	03438292
-2606	0	-3281
-2590	00430666	-3484
-2590	00602606	-153
-2590	01583295	-3332
-2589	01775973	-2931
-2589	01635578	-2931
-2588	01775973	-1064
-2588	00692561	-1064
-2575	0	-2251
-2569	01852531	06359477
-2568	01775973	-2568
-2551	01508080	-3189
-2550	01859256	06315687
-2550	01186514	06315687
-2534	00239960	05265213
-2534	01177668	05265213
-2534	01176337	04735661
-2534	01498703	04960631
-2526	00890988	03841705
-2501	0	07232818
-2490	01775973	07230884
-2490	00692561	07230884
-2486	01775973	-3952
-2486	01635578	-3952
-2486	01775973	-85
-2486	0	-85
-2486	00250254	-85
-2477	00235191	-4554
-2470	01775973	07546224
-2470	00263886	07546224
-2458	00594989	03499424
-2456	00325575	04927772
-2448	00397666	05211602
-2447	00235191	-3143
-2445	01575833	-3971
-2435	00483900	06268839
-2434	00235191	-2158
-2432	00077276	07297767
-2426	00430666	00016185
-2414	00235191	-1289
-2410	01775973	09824793
-2410	01520955	09824793
-2385	00235191	-4847
-2378	01649126	09750253
-2368	00235191	-3749
-2341	01340005	03499424
-2340	00235191	07240288
-2340	01691743	07240288
-2338	00235191	-981
-2324	01797749	-2432
-2324	01114042	-2432
-2307	0	05352409
-2304	0	-2575
-2300	01618684	04568501
-2290	01508689	03459836
-2290	01643531	03459836
-2277	01775973	04927772
-2274	01154430	06287351
-2272	01538351	03499424
-2266	01775973	00061322
-2239	00235191	-3062
-2222	01474694	05224721
-2202	01600942	-4917
-2176	0	07135420
-2175	00235191	-3609
-2131	01775973	-3611
-2131	00788109	-3611
-2130	00750517	05975241
-2111	01513366	00517391
-2098	00507599	00691886
-2085	01775973	-1597
-2085	00692561	-1597
-2064	00239960	09642587
-2064	01164714	09642587
-2056	01775973	07232818
-2056	01638892	07232818
-2055	0	-308
-2026	00647376	04504455
-2025	01689327	-969
-2006	00235191	-4284
-2003	00235191	-4591
-1993	00826212	-4566
-1975	00482838	07592357
-1974	01775973	07354565
-1974	00659537	07354565
-1967	00235191	-3436
-1966	00077276	07354565
-1963	00642112	00788240
-1960	01775973	00508925
-1957	00750517	07419862
-1953	00744139	-327
-1950	00430666	-3547
-1947	0	-3658
-1940	01763262	04782793
-1932	00602606	-1201
-1926	01422262	06669293
-1917	01130277	04041746
-1897	0	07354565
-1892	01583295	-3789
-1881	01775973	05167497
-1880	01775973	04552661
-1880	01513874	04552661
-1879	00646401	03461269
-1871	0	05319899
-1869	0	-3060
-1847	00652168	-4994
-1833	01775973	07354565
-1833	01628668	07354565
-1823	00239960	05956378
-1801	00077276	07232818
-1791	0	-4321
-1780	00063646	-1449
-1773	01811792	05307729
-1766	00812388	-3091
-1756	00696267	07232818
-1751	00696267	-2602
-1751	01456984	-2602
-1716	00602606	-4804
-1710	00235191	-4633
-1708	00551826	-2048
-1700	00430666	-4219
-1699	01725008	-4183
-1699	00755606	-4183
-1675	00638109	04059885
-1674	01775973	07258194
-1674	00692561	07258194
-1657	00235191	-4456
-1652	00239960	00462318
-1652	01822108	00462318
-1645	00077276	07354565
-1622	01775973	07401898
-1577	00430666	05213933
-1574	00166362	05956378
-1574	00239960	00585093
-1570	00903723	00610417
-1544	0	04890314
-1524	00235191	-3657
-1468	01015085	06382213
-1460	01775973	07258194
-1460	00692561	07258194
-1443	01775973	-5118
-1443	00613686	-5118
-1443	0	-5118
-1434	0	03438292
-1434	00532796	03438292
-1429	01775973	04927772
-1425	0	-3315
-1424	01126603	04790774
-1424	01775973	04790774
-1421	01775973	10073471
-1416	01775163	05333921
-1411	01583087	-3951
-1401	01635578	04778525
-1398	01622769	-4505
-1379	00077276	07354565
-1365	01775973	-5114
-1365	00540739	-5114
-1355	00235191	-2283
-1348	01775973	05167497
-1343	01857455	04845672
-1343	00630133	04845672
-1336	00077276	07354565
-1332	00696267	-4673
-1330	01513874	-5132
-1330	01376901	-5132
-1330	00166362	-4917
-1306	00439665	-1306
-1304	00150444	00804120
-1303	00659537	-3913
-1288	01245362	-4237
-1285	01775973	04778525
-1285	00673320	04778525
-1277	01624484	-248
-1237	01775973	07036038
-1237	01809405	07036038
-1220	01809405	-4053
-1214	0	-3620
-1212	01811792	04866394
-1200	0	-5128
-1172	01775973	07232818
-1172	00692561	07232818
-1157	01775973	-2761
-1157	01600942	-2761
-1150	00166362	-3009
-1147	01367732	09580808
-1144	0	-4009
-1124	01775973	06315687
-1124	00788109	06315687
-1121	01519748	00472484
-1120	00561791	06024357
-1117	01763262	07341493
-1107	01578132	03080223
-1102	00920424	00367201
-1075	0	-4359
-1075	01036035	-4359
-1045	01561557	10917509
-1039	00250254	07391044
-1024	01775973	-2669
-1024	00788109	-2669
-1024	01048914	-2669
-1011	0	-3961
-1004	01253107	-1434
-1004	0	-1434
-1001	00249716	06368526
-984	01513874	04015637
-973	0	-4321
-969	00077276	05275813
-964	01618684	06066212
-911	00696267	-4950
-901	00235191	-4563
-900	00512630	06299747
-897	0	-3215
-897	01583087	-3215
-864	0	-2356
-857	01343923	03499424
-839	01006316	06299747
-839	00638109	06299747
-837	01775973	-4073
-837	01838273	-4073
-810	0	00626011
-783	00077276	07354565
-765	01775973	07354565
-765	00659537	07354565
-762	01775973	-4348
-751	00239960	02405099
-751	01136484	02405099
-733	0	-218
-705	01785787	-5132
-687	01775163	00111872
-687	01164896	00111872
-655	00091645	03499424
-595	01111638	05362628
-590	01775973	-3878
-590	00595179	-3878
-589	00249716	-1056
-554	0	-4671
-553	00601722	07082144
-551	01712330	09552872
-541	01775973	-3639
-541	00239960	-3639
-539	01154430	-2395
-509	01775973	07240288
-509	01838273	07240288
-497	0	09853415
-489	0	-2037
-489	00562446	-2037
-466	01622769	10962839
-465	01456984	06119534
-457	0	07354565
-446	00235191	-462
-441	00249716	-2400
-439	00246253	10875146
-432	00594989	06303974
-418	00594989	03499424
-404	00759367	-4917
-404	01114042	-4917
-402	00987038	01637880
-401	00337971	02405099
-387	00594989	03499424
-353	01775973	05209017
-342	0	-4281
-308	01154430	06287351
-298	00718708	00653558
-286	01775973	00605730
-286	0	00605730
-281	01625416	-2781
-281	01692292	-2781
-270	00750517	05214053
-264	01474694	-503
-264	00646817	-503
-256	0	-2882
-256	01211759	-2882
-250	0	-2780
-225	00906733	-4184
-204	01775973	07354565
-204	00692561	07354565
-189	01510674	-2588
-188	01600942	-1926
-186	00594989	03499424
-182	01340005	03499424
-106	00788109	00607299
-85	0	-4392
-81	00077276	07258194
-79	01842330	03965003
-78	00250254	-4069
-75	00646401	05029668
-70	01015085	06287351
-51	01775163	-3564
-47	00239960	00617685
-26	00169694	-4782
-17	00235191	-3735
4123	01645167	00508925
9457	01797749	07241412
13700	00103366	03990394
16185	00166362	00051907
16185	00239960	05976600
16185	0	-3663
16185	00545978	05010399
17954	01793793	-2535
17954	01793793	04750884
17954	01775973	00508925
17954	01368651	00508925
20056	01775973	03943113
34968	00781920	-2842
34968	01828422	00098007
34968	01775973	00098007
34968	00401762	00098007
51907	01841631	04505726
51907	01775163	06725397
51907	01443979	06725397
51907	01857455	10035141
51907	01037123	10035141
98007	00466852	10917509
111872	00788109	05209017
111872	00082064	-3694
154800	01775973	10859852
154800	01652417	10859852
154800	01649126	10859852
160202	00430666	05000141
205135	01513366	04778525
205135	01775973	04533598
205135	00682542	04533598
205135	01793793	04533598
205135	00592685	05362628
205135	01118767	04927772
213518	01811792	05275813
213518	00466852	05275813
248167	01811792	-3942
248167	01788486	-3942
260095	00091848	06314878
261466	01508689	00018916
289269	01857455	03173458
289269	00788109	03173458
328496	01164896	-2337
358063	01775973	-39
377835	01173875	05441797
378579	01857455	07085250
378579	00466852	07085250
409314	01742587	00508925
415881	01857455	-3399
415881	00397666	-3399
468909	0	-2363
469856	00610889	04745575
471060	01508080	00118873
472484	01775973	-2583
472484	01141322	-2583
503611	01744324	00625655
503611	01636706	-1542
503611	01136484	06239374
508925	01111638	-3362
508925	01669634	-3362
508925	01775973	00020056
508925	00430666	04927772
508925	01775973	-4623
508925	00377600	-4623
508925	01775973	05362628
508925	00377600	05362628
508925	01119504	05369177
508925	01508689	10850147
508925	01508689	05376578
508925	00788109	-4213
508925	01793793	-3606
508925	01775163	04790774
508925	00325575	04790774
508925	00696267	-4314
508925	0	-4314
508925	01811792	05369177
508925	01775163	05362628
508925	01036035	05362628
508925	00281123	-4599
508925	00471542	04546812
508925	00083947	04546812
508925	01857455	04778525
508925	01797749	04778525
508925	01626835	06368045
567704	0	-5062
574678	01775163	10917509
574678	01747342	10917509
595769	01775973	-92
595769	00091848	-92
596202	01775163	-4040
601385	01578625	04778525
604336	01775973	04731849
604336	01188481	04731849
605730	01590833	-2377
607299	00788109	06315687
607299	01852531	00605730
607299	01126603	-4930
607299	00448230	05616177
607693	00479979	-5126
607693	0	-5126
607693	00140363	05053336
610417	01868387	-3752
610417	0	-3752
625655	01744324	06143628
626011	01857455	-3598
626011	00696267	-3598
711063	01775973	07085250
760027	00683308	-2631
779286	01775973	00607299
788240	01775973	05090163
788240	01133437	05090163
1136299	00696267	00782440
1195934	00401762	06311701
1214598	00436897	-4137
1214598	01857455	-4137
1214598	01722366	-4137
1436335	00788109	03856995
1535151	0	-3834
1535151	00523234	-3834
1637880	01119504	00626011
1637880	0	-3603
1637880	00325575	04515709
1661550	00235191	10048803
1665222	00630133	05325365
2253645	01775163	05441797
2264436	01857455	10969750
2264436	01775973	10969750
2264436	0	10969750
2363665	00258652	03482557
2476046	01500099	04772420
2476046	0	04772420
2479780	01811792	00248167
2479780	00439665	00248167
2481557	01784619	09996479
2481557	00622132	-4680
2488140	01042567	07085250
2576928	01649126	04927772
2576928	00118326	04927772
2641840	00642112	02716453
2644452	01775163	-3745
2644452	01080919	-3745
2644452	0	-3745
2661119	00788109	-3253
2672959	01775973	-3031
2672959	00430666	-3031
2678015	01164896	02678015
2685797	00599940	06724431
2685797	01420490	06724431
2716224	01775973	07354565
2716224	01628668	07354565
2767450	01857455	06315687
2767450	01089750	06315687
2799757	0	05276583
2862602	01603572	03172719
2862602	01737017	03952527
2954440	0	-5128
2954440	00250254	-5128
3008618	01775973	-3863
3008618	01474694	-3352
3074890	01080919	-3311
3074890	01775973	-3311
3074890	00696267	-4353
3094749	01173875	07240707
3094749	01640620	07085250
3142093	01775973	00508925
3189831	01793793	04949838
3218772	01856887	-4280
3218772	00788109	-4280
3227261	01615757	04948541
3227261	01195060	04948541
3318070	00759367	06383691
3318070	01368651	06741251
3431121	00937138	-1838
3435902	01328739	07197309
3459836	01825574	03459836
3459836	01508689	05381135
3459836	01508689	05321825
3478277	01456984	05261047
3480713	01775973	-4877
3482557	01775973	-4024
3491295	01422262	07311393
3491295	01775973	00462318
3491295	00403772	00462318
3683012	01775973	06299747
3731027	01775973	05352409
3731027	01775163	05352409
3742947	01859471	06042737
3856995	00640416	06385405
3856995	01775973	06385405
3856995	00397666	06385405
3856995	01371248	05221640
3856995	00671763	-4648
3856995	00697540	-4648
3856995	01775973	04750884
3856995	00115662	04750884
3856995	01568959	04057168
3856995	00439665	06006256
3938674	00612000	04687416
3972490	00249716	04742189
3990394	01456984	-217
3993027	01763262	06074189
3995742	00622132	10417677
4011535	01787769	09941320
4021143	01775973	04750884
4021143	00403772	04750884
4045365	00169694	04930290
4045518	00397666	06287351
4057168	00401762	05209017
4059885	0	06949059
4059885	01500099	06949059
4059885	01681144	06949059
4059885	01262658	-3776
4059885	01566906	-3776
4059885	00696267	-3776
4059885	00450535	07425392
4114572	01775973	05211602
4114572	00788109	04515461
4114572	01508689	03731027
4114572	01775744	06210851
4114572	00788109	-4148
4114572	00788109	-1947
4114572	00403772	05211602
4114572	01164896	04807372
4114572	01775973	00657384
4114572	01164896	04728675
4114572	01508080	04728675
4114572	01601935	04750884
4114572	01775973	05325365
4114572	00647376	04114572
4114572	01508689	04775802
4319321	01775163	04697988
4319321	00107371	04697988
4349777	0	04349777
4350890	00788109	04731849
4350890	01145518	04731849
4355268	01775973	05032854
4355268	01544040	05032854
4360292	01136484	04750884
4394770	01111638	05956378
4394770	00422928	05212625
4396152	01130277	06000383
4409604	01130277	04501800
4409604	01811792	-3475
4438179	01775973	04554317
4438179	01508689	04554317
4467719	01111638	-961
4471938	01775973	04788790
4483764	0	04687416
4483764	00560756	04687416
4483764	00485595	04687416
4483764	00463353	04687416
4485976	01857455	00239677
4485976	01775973	00239677
4485976	00019475	00239677
4493671	01111638	04750884
4493671	00483900	04588033
4496504	01245362	-551
4496504	01513874	-551
4496504	01123517	04750884
4501800	01608899	00017954
4501800	00622132	00017954
4504455	01775973	04360292
4505726	0	09946775
4510165	01164896	04859637
4510165	01857455	-2868
4510165	01648347	-2868
4510165	01188481	00508925
4510165	00430666	-4680
4515461	01825574	05167497
4515461	00079910	05333921
4515709	00554194	10367157
4533598	00985935	05054071
4543461	01737017	04775802
4543461	00401762	04775802
4543461	00622132	04775802
4543461	01500099	-3399
4546812	00401762	-4052
4559362	01775973	-5111
4563224	01857455	04750884
4563224	01164714	04750884
4568501	01797749	04927772
4568501	01664787	-3055
4568501	00125286	02314279
4568501	01080919	04950638
4588033	01811792	06049069
4659700	00788109	-331
4687416	00083947	05213933
4697988	01725008	05319899
4697988	01462616	05319899
4697988	00662608	07389783
4731849	01755765	07542916
4735661	00132579	07592357
4738466	00422121	05449233
4744689	0	00571937
4750162	01185771	06381267
4750162	01253107	06381267
4750162	01775973	00426345
4750884	01135997	02165603
4750884	01775973	02165603
4750884	01513874	02165603
4750884	01135997	03742947
4750884	01857455	04394770
4750884	01775973	04394770
4750884	00397666	04394770
4750884	01797749	04543461
4750884	01136484	03856995
4750884	01583087	04951584
4750884	0	02264436
4750884	0	05383289
4750884	01513366	05383289
4750884	01852531	04762523
4753435	01775973	03940255
4753435	01602202	03940255
4753435	01775163	04543461
4758968	01169330	06307482
4758968	01825574	05167497
4761096	0	05211602
4761096	00622132	10037776
4761687	01809405	00385376
4762523	00699711	05352409
4762523	0	05211602
4762523	00788109	04114572
4768171	01253107	04769821
4768171	01383938	04769821
4768298	00664871	04496504
4768298	01775163	05112234
4768298	01164896	05112234
4769237	01253107	06381267
4769237	01354457	00385376
4769237	00664871	04496504
4769237	01857455	04760894
4769237	00377885	04760894
4769237	00665315	04750162
4769237	01508689	09940711
4769821	01825574	05319899
4769821	01508689	04774380
4769821	00665216	04762523
4769821	01775973	-4316
4769821	01853077	04768171
4769821	01852936	04768171
4771731	00699711	-3230
4771731	01775973	04977171
4771731	01456984	04977171
4771731	01825574	04114572
4771731	01811792	-3258
4771731	01500099	04768171
4771731	01775973	04768171
4771731	01804260	04768171
4774380	01775163	00020056
4776306	01681144	04769821
4777587	00439665	05211602
4778525	01343923	03499424
4778525	01135997	04496504
4778525	01775973	10843624
4778525	00430666	10843624
4778525	01169330	01788622
4778525	01542388	-1401
4778525	01245362	04952685
4778525	01508689	04952685
4788790	01775163	00510453
4788790	00450535	00510453
4790774	00448230	04510165
4790774	00920424	10358350
4790774	00920424	04790774
4790774	01126603	04748361
4790774	00920424	06239374
4790774	01111638	06239374
4790774	01811792	00508925
4790774	00430666	00508925
4807372	01797749	04501800
4807372	00696267	-1968
4826409	01775973	10054265
4826409	00679497	-444
4826409	00697540	-444
4837558	01873617	05208500
4837558	0	-584
4847359	01775163	-2085
4847359	01775973	04485976
4859637	00369654	-3789
4859637	01118767	-3948
4876596	01811792	05115901
4876596	01788486	05115901
4876596	01775973	05115901
4876596	01112995	05115901
4876596	01263706	05115901
4876596	01374509	05166952
4890314	01775163	05042568
4904589	00479979	07157546
4904589	00765817	07157546
4909380	01775163	04778525
4909380	01775973	04778525
4909380	00647376	04778525
4916758	01526289	04496504
4927772	01508689	00471060
4927772	01798530	04510165
4927772	01775163	05072928
4927772	00418578	05128468
4927772	01245362	10417677
4927772	00448230	10417677
4927772	01080919	02481557
4927772	00118326	02481557
4927772	01649126	03841910
4927772	01618684	03841910
4927772	01737017	00607299
4927772	00239960	00508925
4930290	01775973	04790774
4930290	01117894	04790774
4930290	01649126	00607299
4930290	01808347	00486869
4930290	01793793	00486869
4930290	00788109	04742189
4948748	01775973	05454715
4949838	01775973	00042411
4949838	00560756	00042411
4952685	01775973	06197111
4960631	0	06753779
4960631	01178318	-2057
5000141	01651770	03142093
5009327	01164896	06300934
5019162	01456984	-4175
5019162	01456984	-3217
5029668	01811792	-2738
5029668	01772926	-2738
5046501	01130277	04826409
5060820	01758181	09996479
5063005	00401762	-4961
5072418	01681144	-4333
5072928	00612000	04927772
5072928	00945712	04927772
5074858	01681144	-4696
5080756	01474694	10076479
5097156	00369654	05982514
5107649	00696267	-371
5107649	01508689	00018916
5112234	01775973	04504455
5113097	01811792	03648054
5115901	01508689	05333921
5115901	00692561	04876596
5115901	01775973	-2568
5115901	01857455	06239374
5115901	01164896	06239374
5115901	01775163	05167497
5115901	01775973	05167497
5115901	00649804	05167497
5117158	00662608	05322316
5117823	01112995	10850147
5166952	01857455	-3280
5166952	01775973	-3280
5166952	01080919	-3280
5167497	01775973	05167497
5167497	00638109	-5133
5167497	00562446	05167497
5167497	00082064	05209017
5167497	01792695	00415881
5167497	00440138	-1144
5167497	0	-1144
5167497	01164896	06385405
5167497	01164896	04728675
5167497	01649126	04728675
5167497	00207831	04563224
5167497	01775163	05333921
5167497	00652168	-4040
5167497	01796135	05352409
5167497	01775163	03993027
5167497	00308251	03993027
5167497	00401762	05213933
5167497	01343131	-3076
5182540	01775973	06000383
5182540	01566906	06000383
5182540	00079910	06000383
5182540	0	06086825
5182540	01188481	00508925
5182540	00610889	04504455
5182540	01508689	00117820
5182540	01775973	07085250
5207628	00430666	05956378
5207628	01015085	-1086
5207628	00077276	06024357
5208500	01775163	03990394
5209017	00646401	-282
5209017	0	07085250
5209017	00642112	05362628
5211602	01268253	10917509
5211602	01775973	05167497
5211602	01859471	09448555
5211602	00430666	03683012
5211602	01811792	05211602
5211602	00239960	05211602
5211602	01788486	05211602
5211602	01775973	05212625
5211602	01857455	05211602
5211602	00638109	05211602
5211602	00422928	05212625
5211602	00401762	-5066
5211602	00652168	10047274
5211602	00466852	04114572
5211602	01857455	05352409
5211602	01681144	05352409
5211602	00638109	00004123
5211602	01775163	04697988
5211602	00397666	-5111
5211602	00646401	04975688
5211602	0	05352409
5211602	00662608	-1616
5211602	01775973	04114572
5211602	01508689	10358202
5211602	0	00051907
5211602	01164896	04876596
5211602	00788109	04876596
5211602	01509295	05322484
5212625	00466852	10035141
5212625	01775973	10035141
5212625	01775973	06358701
5212625	01775973	05339187
5212625	01857455	-4258
5212625	00422928	-4258
5212625	00422928	04394770
5212625	01508689	04394770
5212625	00638109	-1348
5212625	00077276	04114572
5213933	00250254	-5128
5213933	00649804	04847359
5213933	01775973	04114572
5213933	01508080	04686855
5213933	01164896	10955141
5213933	01775163	10955141
5213933	00083947	10955141
5213933	00186743	-767
5213933	00289432	-767
5213933	01811792	00524093
5213933	01513874	00524093
5213933	00450535	05441797
5213933	00696267	-4099
5213933	01775163	03459836
5213933	00610889	09982023
5213933	01775973	09939326
5214053	01602202	07012383
5214053	00353042	05301395
5214053	01775973	03459836
5221640	01857455	04750884
5221640	01775973	04750884
5221640	00079910	04750884
5221640	00186743	04566113
5221640	01775973	04566113
5221640	00466852	04566113
5224439	00759367	-2226
5224721	01793793	10966461
5261047	01775973	06789983
5261047	00624230	06789983
5266809	00717396	10980504
5266809	01173875	10980504
5275813	00077276	05275813
5276214	00377885	04866394
5276583	00506398	-3913
5276583	01775163	-2082
5276583	01135997	-2082
5276583	01775973	05275813
5276583	01602202	05275813
5277178	01775973	05352409
5277178	01775973	-687
5277178	00697540	-687
5284501	01209074	04807372
5284501	01034097	04807372
5301395	00082064	05322316
5301395	01852531	04755856
5319899	01775973	-5062
5319899	0	-5062
5319899	00652168	-5062
5319899	01775973	05211602
5319899	01164896	05211602
5321825	01775973	07038257
5321825	01857455	05325089
5321825	01775973	05325089
5321825	01825574	05325089
5321825	00610889	09982023
5321825	01681144	09945970
5321825	00788109	05459242
5321825	01787769	04482936
5322010	01775973	00010572
5322316	01775973	04762523
5322484	00097591	00020056
5322484	01474694	06314878
5322484	01775973	04501800
5322484	01852531	04749988
5322484	00685448	05322484
5322484	01775973	05322484
5322484	01775973	-200
5325089	01775973	03995742
5325089	00466852	03995742
5325089	00168388	05322484
5325201	01775973	07204757
5325365	01775973	05321825
5325365	00369654	00744204
5327988	00369654	05325365
5328532	01857455	05322484
5328532	00293860	05322484
5333921	01114991	09904938
5333921	01508689	10358202
5333921	0	07038257
5333921	01868387	-4258
5352409	01216775	05211602
5352409	01775973	06949059
5352409	01811792	-5018
5352409	01637882	-5018
5352409	00186743	-5018
5352409	01775973	-5018
5352409	01811792	10019436
5352409	01111638	05352409
5352409	00652168	10047274
5352409	01775973	10047274
5352409	01775163	-4472
5352409	00297331	-4472
5352409	00235191	-4472
5352409	01775973	05352409
5352409	00186743	05211602
5352409	01775973	05211602
5352409	00397666	05211602
5352409	00401762	05211602
5352409	01775973	04559702
5352409	00466852	04559702
5352409	00638109	05319899
5352409	01775973	05319899
5352409	0	04559362
5352409	01857455	04559362
5352409	01474694	04559362
5352409	00652168	00004123
5362628	00856483	05449233
5362628	01775973	-4920
5362628	01111638	-4920
5362628	01784619	05362628
5362628	00116292	-3280
5362628	01280404	-4680
5362628	01775163	05441797
5376578	01672628	-106
5376578	00788109	-106
5418696	00430666	09708563
5418696	00166362	00583085
5432762	01133437	-1601
5441797	00466852	00657384
5441797	01542388	05441797
5441797	00091848	04114572
5441797	01526289	-1453
5445176	01114042	-2759
5449233	01008825	07354565
5449233	00369654	04493671
5459242	00430666	03856995
5464067	01811792	04114572
5464067	01775973	04114572
5464067	00111859	04114572
5478896	00125286	05322484
5478896	01775973	10944012
5478896	0	10944012
5478896	00111859	10944012
5526375	00269459	-4902
5549852	0	-1697
5616177	01689594	04463475
5617748	01842330	-4372
5921936	00466852	04816275
5957883	01775163	05352409
5957883	01609431	05352409
5975241	00750517	07240288
5975241	0	10917509
5975241	01775973	10917509
5975241	01164896	10917509
5975241	01130277	10917509
5976600	01552034	04778525
5976600	0	-4368
5976600	00019475	04403919
5992669	01775973	05167497
5996441	01775973	05211602
5996567	01775973	09730726
5997592	00479979	-2868
5997592	00014267	-2868
5997592	0	-3362
5997592	01811792	00409314
5997592	01173875	00409314
6001982	01775973	07354565
6001982	01838273	07354565
6006256	01474694	03856995
6006256	01775973	06258879
6006256	00430666	06258879
6006256	01775973	00508925
6006256	01328739	00508925
6024357	01114991	-855
6024357	01615757	-392
6024357	00695868	-392
6066212	00558560	-1346
6069040	01775163	06381267
6069040	01566906	06381267
6069040	00466852	05213933
6085732	01857455	00508925
6085732	01645167	00508925
6103316	00604807	-391
6143628	01834058	-2432
6154325	01114042	-1360
6155266	00231588	00622063
6155266	01788486	-1630
6197924	00430666	-4976
6210851	01788486	-5018
6210851	01775973	05211602
6210851	00111859	05211602
6239044	01649126	07658488
6239374	01775973	04114572
6239374	00116292	-3097
6239374	00430666	04930129
6239374	01811792	02913016
6239374	01188481	02913016
6239374	01649126	00607299
6239374	01692292	00607299
6258879	01263706	-2690
6268839	01788486	02855978
6275359	01775973	-4389
6275359	01775973	05478896
6287351	01141322	05445176
6287351	01809405	06299747
6287351	00263886	10876395
6287351	00293860	05339187
6299747	01775973	-3194
6299747	01784619	-3861
6299747	01775973	-1526
6299747	01128460	-1526
6303974	01763262	03856995
6303974	01367732	04045518
6307482	00755606	-3677
6307482	01508689	04114572
6307482	00019475	-4728
6308401	01775163	-967
6308401	00250254	-967
6315687	00430666	-3805
6337463	01001075	04059885
6337463	01775163	06381267
6337463	01566906	06381267
6368045	01775163	06945718
6368045	01111638	06945718
6381267	01785787	06967275
6381267	01775973	06967275
6381267	01077449	06967275
6381267	01615757	07334599
6381267	01775973	04761687
6381267	00239960	00160202
6382213	01379952	06287351
6382213	00652168	05352409
6382213	00652168	04114572
6385405	00652168	06210851
6385405	01775163	06210851
6385405	01111638	-4195
6391019	01513366	-3367
6391019	00816880	-763
6711088	0	-2616
6744503	01324522	06789983
6753779	01811792	00702192
6753779	01649126	00702192
6753779	00491471	00605730
6753779	01775163	09982023
6765463	01797749	02683054
6949059	01775973	06311701
6999749	01510674	-2410
6999749	01317898	-4975
6999749	00558560	-5132
6999749	01775973	07036038
7002675	01775973	05167497
7012383	00788109	05056590
7019437	01775163	05352409
7019437	00111859	05352409
7019437	01775973	05167497
7019437	01775973	05284501
7019437	01775973	-3308
7019437	00337013	-4089
7025273	00401762	-4746
7025870	00235191	-5109
7036038	00755606	-1720
7036038	00595179	10084106
7036038	00696267	-3485
7036038	00755606	-225
7036038	00430666	-1151
7036038	01811792	10873719
7038257	01792695	00605730
7038257	01868387	10655982
7040504	01015085	-3108
7040504	0	-1493
7061896	01632536	09547800
7085250	00179152	07085250
7085250	00788109	06381267
7085250	01796995	04505726
7114010	00250254	-5118
7114010	01082003	-5118
7127521	0	07127521
7127521	0	07592357
7127521	00400501	07689380
7127521	01775973	07689380
7128962	00401762	05063005
7135420	00414250	-3955
7135420	01600785	-5003
7135420	01603985	03776178
7135420	01526289	03776178
7135420	00250254	-1615
7135420	00510062	09686541
7135420	00825349	09686541
7168973	00755606	-4023
7171785	00759367	-4902
7173042	00401762	04111451
7204757	00369654	05459242
7220340	00465761	07258194
7232818	0	-3628
7240288	01681144	06308401
7240288	01691743	-4986
7240288	00750517	05207628
7240288	00249716	-4046
7241412	01640620	-310
7258194	01741671	-1574
7258194	0	07419862
7270395	00401762	-3631
7280020	01111638	00209737
7280020	01775973	06999749
7280020	01229968	06999749
7299160	00077276	07354565
7312239	01691743	-5118
7332563	01775973	-2191
7354565	00987154	03499424
7354565	01838273	-3457
7354565	01636706	09535912
7358345	01691743	-5012
7389783	01691743	00760227
7389783	00662608	-4582
7419862	0	07127521
7425392	00450535	07425392
7425392	01566906	06069040
7425392	01583087	05211602
7441400	00652168	05972379
7441400	01857455	05972379
7441400	01474694	05972379
7478389	01600942	-3679
7486519	00696267	07258194
7504924	00696267	-5079
7532433	01602202	05997592
7543434	00249716	-2389
7546224	01600942	-683
7567611	01432910	-4935
7567611	01462865	04043948
7574722	00077276	10063906
7592357	00430666	-4409
7592357	0	-1890
7592357	00601722	00358063
7689380	0	-4988
7689380	01164896	05277178
7689380	00640416	05277178
8142524	01857455	03444976
8142524	00692561	03444976
8655393	00430666	04603367
9415516	01130277	05996441
9538207	01513874	09580808
9538207	01114991	09580808
9541448	00601722	02518101
9541448	01513366	00712138
9541448	01085355	00016185
9560583	01376117	-5067
9562733	01672628	10876395
9562733	00788109	10876395
9562733	01775973	10876395
9562733	01649126	10876395
9562733	00557499	10876395
9576753	01529684	-3182
9580808	01114991	-3842
9669871	01787769	10054722
9708563	01132776	00159157
9724860	01842330	04790774
9730726	01456984	09730726
9822324	0	-4387
9824793	01621026	-4332
9824793	00883027	-4206
9853415	01691743	-1618
9853415	01691743	-5118
9920569	01779664	03929458
9920569	01304824	-5065
9926856	00377885	02479780
9939326	01784619	10048803
9939326	01508689	04776611
9939326	01811792	04776611
9939326	01135997	04776611
9940711	01775163	04496504
9945970	00646401	02165603
9946775	01589013	00378579
9982023	00002484	07204757
9982023	01793793	05327988
10035141	01775973	10048803
10035141	00337013	00508925
10035141	01640852	06356389
10044643	00566766	05322484
10047274	00642112	10938063
10048803	01130277	-5018
10048803	01811792	-5018
10048803	01775163	-5018
10048803	01811792	04951584
10048803	00335211	04951584
10054722	01775973	00010572
10054966	01775973	05167497
10054966	00279361	05167497
10054966	01775973	-2854
10079933	01635578	04463475
10142749	01775973	05449233
10142749	00166362	05449233
10168619	00153724	10869613
10257548	01513366	00610417
10257548	00682542	00610417
10301947	0	-4710
10367157	01273069	00061101
10425881	01474694	07658488
10425881	00472610	07658488
10425881	01857455	07658488
10425881	01775973	07658488
10425881	00790940	07658488
10425881	01456984	09403023
10588962	0	00503611
10655576	01135997	05211602
10655576	00479160	05211602
10777612	01775973	-2759
10777612	01123517	-2759
10836071	00686544	05115901
10843624	01763262	09824793
10850147	00169694	00607299
10850147	01509295	00411168
10869347	00239960	10962839
10869347	01583087	05459242
10880047	0	-2794
10880047	0	-3343
10880047	0	-5128
10880047	00463353	10867147
10880047	00402103	-2611
10880047	01637882	-2611
10880047	00402103	-1807
10880047	00369654	04828090
10880047	00902579	04828090
10883946	00689564	07172243
10917509	01164896	-1427
10917509	0	07462019
10917509	00337013	10850510
10917509	00239960	10891500
10917509	01775973	02498378
10917509	01775973	-3565
10917509	01583295	-3565
10917509	01784619	05972379
10917509	01775163	06382213
10917509	01130277	06382213
10917509	01393615	06382213
10917509	01508689	-4396
10917509	01775163	03731027
10917509	01747342	04960631
10917509	01775973	-4134
10917509	01632536	-4134
10918678	01807646	04045518
10938063	00652168	05418696
10938063	01775163	05418696
10938063	00652168	05352409
10938063	00397666	05352409
10944012	00272165	05321825
10944012	01787769	05321825
10944012	01508689	05333921
10945693	01857455	04778525
10945693	01513366	04778525
10946199	01775973	05454715
10946199	01173875	05454715
10955141	01857455	00411168
10955141	00423416	00411168
